30
60
000000000000000000000000000000000000000000000000000000000000
000000000000000000000000000000000000000000000000000000000000
000001000000000000000000000000000000000000000000000000000000
000000100000000000000000000000000000000000000000000000000000
100000100000000000000000000000000000000000000000000000000000
011111100000000000000000000000000000000000000000000000000000
000000000000000000000000000000000000000000000000000000000000
000000000000000000000000000000000000000000000000000000000000
000000000000000000000000000000000000000000000000000000000000
000000000000000000000000000000000000000000000000000000000000
000000110000000000000000000000000000000000000000000000000000
000011011000000000000000000000000000000000000000000000000000
000011110000000000000000000000000000000000000000000000000000
000011100000000000000000000000000000000000000000000000000000
000001000000000000000000000000000000000000000000000000000000
000100010000000000000000000000000000000000000000000000000000
000000001000000000000000000000000000000000000000000000000000
000100001000000000000000000000000000000000000000000000000000
000011111000000000000000000000000000000000000000000000000000
000000000000000000000000000000000000000000000000000000000000
000000000000000000000000000000000000000000000000000000000000
000000000000000000000000000000000000000000000000000000000000
000000000000000000000000000000000000000000000000000000000000
000000000000000000000000000000000000000000000000000000000000
000000000000000000000000000000000000000000000000000000000000
000000000000000000000000000000000000000000000000000000000000
000000000000000000000000000000000000000000000000000000000000
000000000000000000000000000000000000000000000000000000000000
000000000000000000000000000000000000000000000000000000000000
000000000000000000000000000000000000000000000000000000000000




