30
60
000000000000000000000000000000000000000000000000000000000000
000000000000000000000000000000000000000000000000000000000000
000000000000000000000000000000000000000000000000000000000000
000000000000000000000000000000000000000000000000000000000000
000000000000000000000000000000000000000000000000000000000000
000000000000000000000000000000000000000000000000000000000000
000000000000000000000000000000000000000000000000000000000000
000000000000000000000000000000000000000000000000000000000000
000000000000000000000000000000000000000000000000000000000000
000000000000000000000000000000000000000000000000000000000000
000000000000000000000000000000000000000000000000000000000000
000000000000000000000000000000000000000000000000000000000000
000000000000000000000000000000000000000000000000000000000000
000000000000000000000000000000000000000000000000000000000000
000000000000000000000000000000000000000000000000000000000000
000000000000000000000001110111000000000000000000000000000000
000000000000000000000010010100100000000000000000000000000000
000000000000000000000100010100010000000000000000000000000000
000000000000000011101001010101001011100000000000000000000000
000000000000000100101000010100001010010000000000000000000000
000000000000001000101010100010101010001000000000000000000000
000000000000001000000000000000000000001000000000000000000000
000000000000000010000000000000000000100000000000000000000000
000000000000010100000000000000000000010100000000000000000000
000000000000110101110000000000000111010110000000000000000000
000000000001010100010000000000000100010101000000000000000000
000000000011010000000000000000000000000101100000000000000000
000000000100010000011000000000001100000100010000000000000000
000000000000000000000000000000000000000000000000000000000000
000000000110110000000000000000000000000110110000000000000000